,id,名称,胜,平,负,胜球,输球,净胜球,积分
0,36,川崎前锋,14,7,9,60,50,10,49
1,31,马赛,8,9,13,52,54,-2,33
2,32,波尔图,17,5,8,72,52,20,56
3,29,摩纳哥,19,7,4,61,31,30,64
4,34,博卡,21,6,3,57,23,34,69
5,33,本菲卡,13,5,12,55,44,11,44
6,25,勒沃库森,6,5,19,31,66,-35,23
7,23,莱比锡,4,7,19,32,57,-25,19
8,22,里斯本竞技,14,8,8,67,46,21,50
9,21,里昂,9,4,17,40,60,-20,31
10,26,西汉姆联,4,6,20,36,71,-35,18
11,27,狼队,8,9,13,32,43,-11,33
12,24,浙江绿城,6,7,17,55,95,-40,25
13,35,河床,16,6,8,45,27,18,54
14,30,广州恒大,17,4,9,59,46,13,55
15,28,罗马,14,5,11,75,64,11,47
